8.408068900299790760e-02
4.129412761413622790e-01
2.120859229069513574e-01
6.150724767825241357e-02
4.315938133852151859e-01
1.893098604685446718e-01
9.996428019341653259e-01
1.702755412258787626e-01
4.521138169166237508e-02
3.193963861281850503e-01
8.111285196260146213e-01
6.292629664374187193e-02
2.776172142272465559e-01
1.719426212448305069e-01
9.386264945401490145e-01
6.159288644453182054e-02
2.136173445171574703e-01
3.055085889046011971e-01
7.763731916302449854e-01
1.798536199607954078e-01
2.535722454137588899e-01
4.601853050528356692e-02
1.910559602830086690e-01
3.626626278975653705e-01
1.160444381185258972e-01
3.033728724739177540e-01
4.168943502711410787e-01
3.644611818595328706e-02
3.280352624572387826e-02
1.251227826860142334e-01
4.886732412586652918e-02
8.196668346622454360e-02
4.178407651600760803e-02
2.283062081372053131e-01
7.360619067035913954e-01
3.600722511646182733e-01
7.450348858927148543e-02
4.664732975177273144e-01
1.011450212082270067e-01
4.915396736354512436e-02
2.396286198584623439e-01
4.269930324608116057e-01
7.978199325038012879e-02
9.611504597436801300e-02
9.140890823235389151e-01
4.393039720073873416e-02
1.646122888246269456e-01
8.694667344529911912e-02
7.194919979244515651e-02
2.409939635520341461e-01
9.997937537543631903e-01
1.934601665192437481e-01
9.996676848285371841e-01
3.897717071437502012e-01
8.513950758635876470e-01
8.966587518966565584e-01
7.197426368228345694e-01
6.049184987400654245e-01
6.425874637655829558e-01
9.494957375335260075e-01
8.273142348092121789e-01
8.427112358333060937e-01
1.821976613784530019e-01
8.805555505770140678e-01
9.642757486629828234e-01
6.514310000154333036e-01
8.286169514772036004e-01
9.985897575040797447e-01
3.795006238376971153e-01
9.480276642059858316e-01
9.773278317529672243e-01
3.119823495389924539e-01
6.299361829761396248e-01
4.263611596035751794e-01
8.018089555573577609e-01
9.912150298583612962e-01
7.102908463631685265e-01
4.703946457358881839e-01
9.819173006680956828e-01
2.500750978672762193e-01
1.604292336391444640e-01
9.998581858252233445e-01
9.679876909166145182e-01
9.341519443990680127e-01
5.085951326113398174e-01
8.777345866391845775e-01
8.044564887635569095e-01
6.496426569487283587e-01
7.522515740399943196e-01
9.999444833684875134e-01
2.344973580972067040e-01
7.143463187808151149e-01
6.949555455994939068e-01
8.037608136340821385e-01
8.350638245056430931e-01
5.221948716936131163e-01
5.032333935426234195e-01
7.230526464069436665e-01
9.979224383963870570e-01
4.143757096270677676e-01
