1.851751919577584726e-01
1.222468125196720240e-01
1.209533525464828313e-01
1.230117143006103225e-01
9.454214799357599786e-01
9.165360206329661308e-01
3.095094278162271451e-01
9.396420552109971402e-03
2.277273119564014181e-01
1.894907438996359383e-01
1.699199029653228332e-01
1.205755012498099521e-01
8.263754539711665181e-01
9.193806977196168628e-02
8.514657856749231479e-01
3.996837157806305135e-02
2.917791674774628530e-01
1.512228154537793023e-01
2.710395199119312593e-01
6.285821376165198759e-02
1.452539591684825493e-01
2.211383445810792825e-01
1.218973904134815073e-01
4.468119594836405389e-02
2.214854555171206218e-01
2.224847640295891382e-01
3.786870756465297583e-01
9.820798356915244609e-02
9.859873421622444845e-02
1.152181597230316074e-01
4.123189786292151826e-01
5.834976628496565398e-01
7.026713570509551809e-02
1.850974781863108654e-01
7.404139897031439266e-02
2.902135244923231272e-01
3.641304540124575828e-01
2.809912150602932313e-01
1.040329069096998377e-01
1.824311518744823821e-02
2.286992205749852902e-01
6.822770855991794337e-02
2.030613450304711298e-01
3.157422212224190172e-01
8.924938544203443735e-02
2.238774068876733248e-01
2.563684245659249017e-01
3.704979198999630574e-02
1.412189778963851006e-01
1.570162673378907858e-01
9.316532066025551284e-01
7.357250318977081038e-01
7.831561438816144749e-01
8.590949031986717666e-01
5.865280212165759899e-01
8.449315583970636867e-01
9.095039943468125054e-01
6.674285565685695865e-01
6.506293169357025841e-01
9.564923781160680205e-01
8.960436244387250948e-01
4.227610219437921146e-01
9.772674094708302395e-01
6.751679268016300695e-01
5.098879765762170946e-01
9.794008414335588775e-01
9.523439022987548741e-01
8.124134845585122555e-01
9.020255753321949621e-01
4.217564166839679052e-01
6.251342633221215195e-01
4.784028752983471855e-01
3.510666346647789426e-01
9.847421054584066802e-01
2.576754441714361188e-01
8.464538801079308783e-01
8.242877170161458933e-01
7.247596668062979974e-01
8.404826189986805418e-02
7.630882749338804283e-01
7.533294106700726411e-01
8.901697301269438922e-01
8.929601624520115966e-01
9.623976365393855925e-01
7.664416488551993867e-01
9.546857860940908269e-01
9.955736075456750322e-01
4.096435301659923645e-01
9.808757799934304522e-01
8.974167956524439216e-01
7.351740041944088144e-01
4.907178288468291294e-01
5.643419434866132622e-01
8.608073770682145298e-01
2.192295328941862853e-01
9.476232810569485965e-01
8.908986742328995900e-01
6.730719715301394235e-01
8.272373515153654822e-01
9.787376818673568790e-01
